702
128
601
416
559
519
332
891
199
425
681
443
124
555
94
886
546
362
952
306
151
512
787
957
947
141
686
910
575
894
356
414
819
118
987
208
206
427
300
935
481
353
401
134
337
828
7
657
983
619
302
77
535
774
817
121
794
665
872
620
378
687
124
415
336
648
687
827
446
205
661
577
488
641
943
885
511
493
287
67
281
861
489
688
716
77
760
564
577
495
788
277
211
252
268
478
703
470
115
998
197
884
801
210
74
74
493
834
291
979
360
951
277
310
574
68
783
208
164
654
630
234
810
675
333
410
518
364
826
879
574
391
912
963
392
212
979
944
367
765
425
357
685
683
463
14
202
447
234
958
819
350
144
30
202
317
53
550
320
526
832
133
333
754
228
752
800
898
545
958
70
637
654
174
977
521
287
819
654
690
510
228
779
216
742
886
990
577
400
867
52
11
700
594
564
372
720
740
53
991
384
263
120
597
865
608
212
335
339
235
930
820
588
929
494
628
74
284
874
193
888
152
835
956
27
266
230
866
344
361
391
756
561
917
46
212
455
302
141
516
157
226
773
521
241
793
257
483
794
572
201
633
498
626
113
769
319
164
605
444
198
428
171
434
186
316
485
951
741
384
42
697
794
366
46
401
131
958
4
981
126
570
321
9
527
232
896
447
974
398
634
937
406
305
21
32
937
562
910
362
35
191
631
548
119
365
845
7
581
4
735
803
360
830
801
657
447
509
42
32
454
899
43
390
243
969
881
712
575
149
340
362
633
387
442
821
316
493
531
594
186
121
314
370
383
984
438
698
509
482
841
432
258
723
273
777
7
264
445
892
146
923
223
559
934
673
138
486
241
730
21
880
966
390
87
591
260
656
245
49
472
36
88
376
649
882
295
938
708
140
115
712
72
22
772
600
359
905
295
766
196
139
234
882
716
302
335
709
827
224
27
731
520
504
245
173
734
442
347
90
407
420
818
984
720
416
350
844
263
125
789
388
213
952
929
282
667
490
340
303
257
491
370
662
522
437
292
493
623
800
110
864
345
22
804
318
950
551
847
649
131
876
316
944
665
136
339
563
781
278
918
922
607
979
663
940
49
563
145
966
172
450
361
76
621
780
37
904
154
598
692
307
743
805
728
584
152
302
747
108
153
91
39
899
460
25
305
170
827
375
60
125
25
47
293
541
454
81
479
737
39
995
615
919
847
179
634
931
380
658
109
177
580
469
3
349
780
371
724
176
187
369
850
382
906
394
971
847
190
758
876
367
473
527
485
46
694
797
32
772
768
667
156
406
704
725
54
989
71
693
45
97
270
230
315
810
886
71
573
537
681
136
77
854
410
224
586
54
79
80
960
639
712
264
757
302
528
79
769
409
971
396
316
78
233
336
231
405
986
312
428
644
534
776
182
69
519
471
396
812
467
397
448
378
12
349
791
242
839
660
434
231
391
762
182
345
112
988
470
893
111
859
169
790
934
40
695
378
24
390
250
863
853
596
886
70
741
80
909
43
689
678
411
185
505
80
119
667
436
305
126
735
431
298
699
70
568
237
832
915
913
311
618
143
35
325
606
39
953
747
497
579
647
993
64
970
525
315
210
960
86
926
520
539
194
567
481
32
125
487
699
692
473
850
719
84
